{
 "cells": [
  {
   "cell_type": "markdown",
   "metadata": {
    "id": "UL9EB0Mn9ny5"
   },
   "source": [
    "# Mean-variance optimization\n",
    "\n",
    "In this cookbook recipe, we work on several examples demonstrating PyPortfolioOpt's mean-variance capabilities. I will discuss what I think should be your \"default\" options, based on my experience in optimising portfolios.\n",
    "\n",
    "To start, you need a list of tickers. Some people just provide the whole universe of stocks, but I don't think this is a good idea - portfolio optimization is quite different from asset selection. I would suggest anywhere from 10-50 stocks as a starting point.\n",
    "\n",
    "Some of the things we cover:\n",
    "\n",
    "- Downloading data and getting it into PyPortfolioOpt\n",
    "- Calculating and visualising the covariance matrix\n",
    "- Optimising a long/short portfolio to minimise total variance\n",
    "- Optimising a portfolio to maximise the Sharpe ratio, subject to sector constraints\n",
    "- Optimising a portfolio to maximise return for a given risk, subject to sector constraints, with an L2 regularisation objective\n",
    "- Optimising a market-neutral portfolio to minimise risk for a given level of return\n",
    "- Optimising along the mean-semivariance frontier\n",
    "- Optimising along the mean-CVaR frontier\n",
    "- Plotting the efficient frontier:\n",
    "    - Simple (using CLA)\n",
    "    - Constrained\n",
    "    - Complex plots\n",
    "\n",
    "Please consult the [docs](https://pyportfolioopt.readthedocs.io/) for more info.\n",
    "\n",
    "## Downloading data\n",
    "\n",
    "To download data, we will use `yfinance`, an excellent library that provides free price data from Yahoo Finance, no API key needed.\n",
    "\n",
    "[![Open In Colab](https://colab.research.google.com/assets/colab-badge.svg)](https://colab.research.google.com/github/robertmartin8/PyPortfolioOpt/blob/master/cookbook/2-Mean-Variance-Optimisation.ipynb)\n",
    "    \n",
    "[![Kaggle](https://kaggle.com/static/images/open-in-kaggle.svg)](https://kaggle.com/kernels/welcome?src=https://github.com/robertmartin8/PyPortfolioOpt/blob/master/cookbook/2-Mean-Variance-Optimisation.ipynb)\n",
    "    \n",
    "[![Gradient](https://assets.paperspace.io/img/gradient-badge.svg)](https://console.paperspace.com/github/robertmartin8/PyPortfolioOpt/blob/master/cookbook/2-Mean-Variance-Optimisation.ipynb)\n",
    "    \n",
    "[![Open In SageMaker Studio Lab](https://studiolab.sagemaker.aws/studiolab.svg)](https://studiolab.sagemaker.aws/import/github/robertmartin8/PyPortfolioOpt/blob/master/cookbook/2-Mean-Variance-Optimisation.ipynb)"
   ]
  },
  {
   "cell_type": "code",
   "execution_count": 56,
   "metadata": {
    "colab": {
     "base_uri": "https://localhost:8080/"
    },
    "id": "69vaYVwZ-Cxz",
    "outputId": "dee1bf4a-82ee-4909-e26b-217899258cf2"
   },
   "outputs": [
    {
     "name": "stdout",
     "output_type": "stream",
     "text": [
      "Requirement already satisfied: pandas in /usr/local/lib/python3.7/dist-packages (1.3.5)\n",
      "Requirement already satisfied: numpy in /usr/local/lib/python3.7/dist-packages (1.19.5)\n",
      "Requirement already satisfied: matplotlib in /usr/local/lib/python3.7/dist-packages (3.2.2)\n",
      "Requirement already satisfied: yfinance in /usr/local/lib/python3.7/dist-packages (0.1.70)\n",
      "Requirement already satisfied: PyPortfolioOpt in /usr/local/lib/python3.7/dist-packages (1.5.1)\n",
      "Requirement already satisfied: pytz>=2017.3 in /usr/local/lib/python3.7/dist-packages (from pandas) (2018.9)\n",
      "Requirement already satisfied: python-dateutil>=2.7.3 in /usr/local/lib/python3.7/dist-packages (from pandas) (2.8.2)\n",
      "Requirement already satisfied: six>=1.5 in /usr/local/lib/python3.7/dist-packages (from python-dateutil>=2.7.3->pandas) (1.15.0)\n",
      "Requirement already satisfied: cycler>=0.10 in /usr/local/lib/python3.7/dist-packages (from matplotlib) (0.11.0)\n",
      "Requirement already satisfied: pyparsing!=2.0.4,!=2.1.2,!=2.1.6,>=2.0.1 in /usr/local/lib/python3.7/dist-packages (from matplotlib) (3.0.7)\n",
      "Requirement already satisfied: kiwisolver>=1.0.1 in /usr/local/lib/python3.7/dist-packages (from matplotlib) (1.3.2)\n",
      "Requirement already satisfied: multitasking>=0.0.7 in /usr/local/lib/python3.7/dist-packages (from yfinance) (0.0.10)\n",
      "Requirement already satisfied: requests>=2.26 in /usr/local/lib/python3.7/dist-packages (from yfinance) (2.27.1)\n",
      "Requirement already satisfied: lxml>=4.5.1 in /usr/local/lib/python3.7/dist-packages (from yfinance) (4.7.1)\n",
      "Requirement already satisfied: certifi>=2017.4.17 in /usr/local/lib/python3.7/dist-packages (from requests>=2.26->yfinance) (2021.10.8)\n",
      "Requirement already satisfied: idna<4,>=2.5 in /usr/local/lib/python3.7/dist-packages (from requests>=2.26->yfinance) (2.10)\n",
      "Requirement already satisfied: charset-normalizer~=2.0.0 in /usr/local/lib/python3.7/dist-packages (from requests>=2.26->yfinance) (2.0.11)\n",
      "Requirement already satisfied: urllib3<1.27,>=1.21.1 in /usr/local/lib/python3.7/dist-packages (from requests>=2.26->yfinance) (1.24.3)\n",
      "Requirement already satisfied: cvxpy<2.0.0,>=1.1.10 in /usr/local/lib/python3.7/dist-packages (from PyPortfolioOpt) (1.1.18)\n",
      "Requirement already satisfied: scipy<2.0,>=1.3 in /usr/local/lib/python3.7/dist-packages (from PyPortfolioOpt) (1.4.1)\n",
      "Requirement already satisfied: osqp>=0.4.1 in /usr/local/lib/python3.7/dist-packages (from cvxpy<2.0.0,>=1.1.10->PyPortfolioOpt) (0.6.2.post0)\n",
      "Requirement already satisfied: scs>=1.1.6 in /usr/local/lib/python3.7/dist-packages (from cvxpy<2.0.0,>=1.1.10->PyPortfolioOpt) (3.1.0)\n",
      "Requirement already satisfied: ecos>=2 in /usr/local/lib/python3.7/dist-packages (from cvxpy<2.0.0,>=1.1.10->PyPortfolioOpt) (2.0.10)\n",
      "Requirement already satisfied: qdldl in /usr/local/lib/python3.7/dist-packages (from osqp>=0.4.1->cvxpy<2.0.0,>=1.1.10->PyPortfolioOpt) (0.1.5.post0)\n"
     ]
    }
   ],
   "source": [
    "!pip install pandas numpy matplotlib yfinance PyPortfolioOpt\n",
    "import os\n",
    "if not os.path.isdir('data'):\n",
    "    os.system('git clone https://github.com/robertmartin8/PyPortfolioOpt.git')\n",
    "    os.chdir('PyPortfolioOpt/cookbook')"
   ]
  },
  {
   "cell_type": "code",
   "execution_count": 2,
   "metadata": {
    "id": "shuJGGeo9ny8"
   },
   "outputs": [],
   "source": [
    "import yfinance as yf\n",
    "import matplotlib.pyplot as plt\n",
    "import pandas as pd\n",
    "import numpy as np"
   ]
  },
  {
   "cell_type": "code",
   "execution_count": 74,
   "metadata": {
    "id": "c4r8LJdC9ny8"
   },
   "outputs": [],
   "source": [
    "tickers = [\"MSFT\", \"AMZN\", \"KO\", \"MA\", \"COST\", \n",
    "           \"LUV\", \"XOM\", \"PFE\", \"JPM\", \"UNH\", \n",
    "           \"ACN\", \"DIS\", \"GILD\", \"F\", \"TSLA\"] "
   ]
  },
  {
   "cell_type": "code",
   "execution_count": 99,
   "metadata": {
    "colab": {
     "base_uri": "https://localhost:8080/"
    },
    "id": "XWdfXpB69ny9",
    "outputId": "e60980bf-21e3-470f-a4f7-99da82c820a4"
   },
   "outputs": [
    {
     "name": "stderr",
     "output_type": "stream",
     "text": [
      "[*********************100%%**********************]  15 of 15 completed\n"
     ]
    }
   ],
   "source": [
    "from finrl.config_tickers import DOW_30_TICKER,NAS_100_TICKER,HSI_50_TICKER,DAX_30_TICKER,SP_500_TICKER\n",
    "ohlc = yf.download(tickers, period=\"max\")"
   ]
  },
  {
   "cell_type": "code",
   "execution_count": 100,
   "metadata": {
    "colab": {
     "base_uri": "https://localhost:8080/",
     "height": 388
    },
    "id": "S7voZG_T9ny-",
    "outputId": "de26041a-af6d-4554-eb32-1eb9d57d5f3e"
   },
   "outputs": [
    {
     "data": {
      "text/html": [
       "<div>\n",
       "<style scoped>\n",
       "    .dataframe tbody tr th:only-of-type {\n",
       "        vertical-align: middle;\n",
       "    }\n",
       "\n",
       "    .dataframe tbody tr th {\n",
       "        vertical-align: top;\n",
       "    }\n",
       "\n",
       "    .dataframe thead th {\n",
       "        text-align: right;\n",
       "    }\n",
       "</style>\n",
       "<table border=\"1\" class=\"dataframe\">\n",
       "  <thead>\n",
       "    <tr style=\"text-align: right;\">\n",
       "      <th>Ticker</th>\n",
       "      <th>ACN</th>\n",
       "      <th>AMZN</th>\n",
       "      <th>COST</th>\n",
       "      <th>DIS</th>\n",
       "      <th>F</th>\n",
       "      <th>GILD</th>\n",
       "      <th>JPM</th>\n",
       "      <th>KO</th>\n",
       "      <th>LUV</th>\n",
       "      <th>MA</th>\n",
       "      <th>MSFT</th>\n",
       "      <th>PFE</th>\n",
       "      <th>TSLA</th>\n",
       "      <th>UNH</th>\n",
       "      <th>XOM</th>\n",
       "    </tr>\n",
       "    <tr>\n",
       "      <th>Date</th>\n",
       "      <th></th>\n",
       "      <th></th>\n",
       "      <th></th>\n",
       "      <th></th>\n",
       "      <th></th>\n",
       "      <th></th>\n",
       "      <th></th>\n",
       "      <th></th>\n",
       "      <th></th>\n",
       "      <th></th>\n",
       "      <th></th>\n",
       "      <th></th>\n",
       "      <th></th>\n",
       "      <th></th>\n",
       "      <th></th>\n",
       "    </tr>\n",
       "  </thead>\n",
       "  <tbody>\n",
       "    <tr>\n",
       "      <th>2024-11-04</th>\n",
       "      <td>343.899994</td>\n",
       "      <td>195.779999</td>\n",
       "      <td>886.070007</td>\n",
       "      <td>95.790001</td>\n",
       "      <td>10.221126</td>\n",
       "      <td>89.839996</td>\n",
       "      <td>219.779999</td>\n",
       "      <td>65.110001</td>\n",
       "      <td>29.910000</td>\n",
       "      <td>505.579987</td>\n",
       "      <td>408.459991</td>\n",
       "      <td>27.335411</td>\n",
       "      <td>242.839996</td>\n",
       "      <td>557.770020</td>\n",
       "      <td>118.610001</td>\n",
       "    </tr>\n",
       "    <tr>\n",
       "      <th>2024-11-05</th>\n",
       "      <td>345.489990</td>\n",
       "      <td>199.500000</td>\n",
       "      <td>890.169983</td>\n",
       "      <td>96.629997</td>\n",
       "      <td>10.457909</td>\n",
       "      <td>90.220001</td>\n",
       "      <td>221.490005</td>\n",
       "      <td>65.370003</td>\n",
       "      <td>30.629999</td>\n",
       "      <td>505.559998</td>\n",
       "      <td>411.459991</td>\n",
       "      <td>27.561893</td>\n",
       "      <td>251.440002</td>\n",
       "      <td>567.030029</td>\n",
       "      <td>118.959999</td>\n",
       "    </tr>\n",
       "    <tr>\n",
       "      <th>2024-11-06</th>\n",
       "      <td>356.130005</td>\n",
       "      <td>207.089996</td>\n",
       "      <td>899.250000</td>\n",
       "      <td>98.889999</td>\n",
       "      <td>11.039999</td>\n",
       "      <td>91.690002</td>\n",
       "      <td>247.059998</td>\n",
       "      <td>63.700001</td>\n",
       "      <td>31.389999</td>\n",
       "      <td>521.130005</td>\n",
       "      <td>420.179993</td>\n",
       "      <td>26.941530</td>\n",
       "      <td>288.529999</td>\n",
       "      <td>596.690002</td>\n",
       "      <td>121.000000</td>\n",
       "    </tr>\n",
       "    <tr>\n",
       "      <th>2024-11-07</th>\n",
       "      <td>360.709991</td>\n",
       "      <td>210.050003</td>\n",
       "      <td>913.929993</td>\n",
       "      <td>98.930000</td>\n",
       "      <td>10.960000</td>\n",
       "      <td>97.900002</td>\n",
       "      <td>236.380005</td>\n",
       "      <td>63.660000</td>\n",
       "      <td>31.260000</td>\n",
       "      <td>517.880005</td>\n",
       "      <td>425.429993</td>\n",
       "      <td>27.039999</td>\n",
       "      <td>296.910004</td>\n",
       "      <td>605.450012</td>\n",
       "      <td>121.150002</td>\n",
       "    </tr>\n",
       "    <tr>\n",
       "      <th>2024-11-08</th>\n",
       "      <td>355.529999</td>\n",
       "      <td>208.179993</td>\n",
       "      <td>943.799988</td>\n",
       "      <td>99.019997</td>\n",
       "      <td>10.970000</td>\n",
       "      <td>96.570000</td>\n",
       "      <td>236.979996</td>\n",
       "      <td>63.919998</td>\n",
       "      <td>31.780001</td>\n",
       "      <td>524.760010</td>\n",
       "      <td>422.540009</td>\n",
       "      <td>26.719999</td>\n",
       "      <td>321.220001</td>\n",
       "      <td>615.809998</td>\n",
       "      <td>121.110001</td>\n",
       "    </tr>\n",
       "  </tbody>\n",
       "</table>\n",
       "</div>"
      ],
      "text/plain": [
       "Ticker             ACN        AMZN        COST        DIS          F  \\\n",
       "Date                                                                   \n",
       "2024-11-04  343.899994  195.779999  886.070007  95.790001  10.221126   \n",
       "2024-11-05  345.489990  199.500000  890.169983  96.629997  10.457909   \n",
       "2024-11-06  356.130005  207.089996  899.250000  98.889999  11.039999   \n",
       "2024-11-07  360.709991  210.050003  913.929993  98.930000  10.960000   \n",
       "2024-11-08  355.529999  208.179993  943.799988  99.019997  10.970000   \n",
       "\n",
       "Ticker           GILD         JPM         KO        LUV          MA  \\\n",
       "Date                                                                  \n",
       "2024-11-04  89.839996  219.779999  65.110001  29.910000  505.579987   \n",
       "2024-11-05  90.220001  221.490005  65.370003  30.629999  505.559998   \n",
       "2024-11-06  91.690002  247.059998  63.700001  31.389999  521.130005   \n",
       "2024-11-07  97.900002  236.380005  63.660000  31.260000  517.880005   \n",
       "2024-11-08  96.570000  236.979996  63.919998  31.780001  524.760010   \n",
       "\n",
       "Ticker            MSFT        PFE        TSLA         UNH         XOM  \n",
       "Date                                                                   \n",
       "2024-11-04  408.459991  27.335411  242.839996  557.770020  118.610001  \n",
       "2024-11-05  411.459991  27.561893  251.440002  567.030029  118.959999  \n",
       "2024-11-06  420.179993  26.941530  288.529999  596.690002  121.000000  \n",
       "2024-11-07  425.429993  27.039999  296.910004  605.450012  121.150002  \n",
       "2024-11-08  422.540009  26.719999  321.220001  615.809998  121.110001  "
      ]
     },
     "execution_count": 100,
     "metadata": {},
     "output_type": "execute_result"
    }
   ],
   "source": [
    "prices = ohlc[\"Adj Close\"].dropna(how=\"all\")\n",
    "prices.tail()"
   ]
  },
  {
   "cell_type": "code",
   "execution_count": 6,
   "metadata": {
    "colab": {
     "base_uri": "https://localhost:8080/",
     "height": 563
    },
    "id": "-8Et4dlp9ny-",
    "outputId": "e35cbcf6-f837-4a84-9946-b7a31d4b6901"
   },
   "outputs": [],
   "source": [
    "prices[prices.index >= \"2008-01-01\"].plot(figsize=(15,10));"
   ]
  },
  {
   "cell_type": "markdown",
   "metadata": {
    "id": "v4vdGWLR9ny-"
   },
   "source": [
    "## Calculating the covariance matrix"
   ]
  },
  {
   "cell_type": "code",
   "execution_count": 7,
   "metadata": {
    "colab": {
     "base_uri": "https://localhost:8080/",
     "height": 35
    },
    "id": "dTFkI4ll9ny-",
    "outputId": "2a0c7a48-d357-4445-bdd1-44dbe901c17a"
   },
   "outputs": [
    {
     "data": {
      "text/plain": [
       "'1.5.5'"
      ]
     },
     "execution_count": 7,
     "metadata": {},
     "output_type": "execute_result"
    }
   ],
   "source": [
    "import pypfopt\n",
    "pypfopt.__version__"
   ]
  },
  {
   "cell_type": "code",
   "execution_count": 58,
   "metadata": {
    "colab": {
     "base_uri": "https://localhost:8080/",
     "height": 520
    },
    "id": "0hDN8ZJG9ny_",
    "outputId": "35244fed-56ac-4207-ee84-736e924b1210"
   },
   "outputs": [
    {
     "name": "stderr",
     "output_type": "stream",
     "text": [
      "c:\\Users\\versu\\anaconda3\\envs\\Thesis\\lib\\site-packages\\pypfopt\\risk_models.py:70: UserWarning: The covariance matrix is non positive semidefinite. Amending eigenvalues.\n",
      "  warnings.warn(\n"
     ]
    },
    {
     "data": {
      "text/plain": [
       "array([[0.195075  , 0.04111087, 0.04792537, 0.03604221, 0.03977183,\n",
       "        0.05643717, 0.06773672, 0.02658969, 0.03943117, 0.04351162,\n",
       "        0.05442252, 0.04368586, 0.03585958, 0.04271054, 0.07611934,\n",
       "        0.02262383, 0.04485917, 0.02444883, 0.02687792, 0.02988019,\n",
       "        0.02489609, 0.06170139, 0.03801721, 0.02172742, 0.02783814,\n",
       "        0.03256332, 0.04397882, 0.02088372, 0.02871019, 0.03103894],\n",
       "       [0.04111087, 0.14304992, 0.0361849 , 0.02627867, 0.0262919 ,\n",
       "        0.03058105, 0.04227102, 0.0210835 , 0.03055311, 0.03066557,\n",
       "        0.03701644, 0.03410937, 0.02638014, 0.02603469, 0.0441098 ,\n",
       "        0.02726551, 0.03430602, 0.02160137, 0.02097611, 0.02231734,\n",
       "        0.0312312 , 0.04077704, 0.02708058, 0.0200946 , 0.02615516,\n",
       "        0.03600567, 0.02806944, 0.01863441, 0.02763427, 0.02638582],\n",
       "       [0.04792537, 0.0361849 , 0.12156774, 0.04985508, 0.04778917,\n",
       "        0.05706369, 0.05389358, 0.03776018, 0.05079152, 0.07590239,\n",
       "        0.08340467, 0.04899289, 0.04673732, 0.03923285, 0.0539936 ,\n",
       "        0.02945067, 0.07404629, 0.03280675, 0.03541858, 0.0381838 ,\n",
       "        0.03187041, 0.04829908, 0.0406696 , 0.0278572 , 0.04210611,\n",
       "        0.03891153, 0.06417535, 0.02985387, 0.03553989, 0.03190876],\n",
       "       [0.03604221, 0.02627867, 0.04985508, 0.11679967, 0.0368258 ,\n",
       "        0.0480032 , 0.03824031, 0.03156428, 0.03845375, 0.08445297,\n",
       "        0.05369455, 0.03660137, 0.0384357 , 0.03022296, 0.04258603,\n",
       "        0.02182131, 0.04478396, 0.02325343, 0.02928421, 0.02978642,\n",
       "        0.02204611, 0.03451482, 0.03308981, 0.01876103, 0.03079738,\n",
       "        0.03007742, 0.04553009, 0.02014409, 0.02991769, 0.02261677],\n",
       "       [0.03977183, 0.0262919 , 0.04778917, 0.0368258 , 0.08920449,\n",
       "        0.04984739, 0.04200056, 0.03045389, 0.03298636, 0.07486864,\n",
       "        0.05777101, 0.03741213, 0.03637287, 0.02807336, 0.04331236,\n",
       "        0.01868396, 0.04778348, 0.02049221, 0.02383505, 0.03151459,\n",
       "        0.02031061, 0.03712214, 0.03285122, 0.01739841, 0.03003373,\n",
       "        0.03079301, 0.04337263, 0.02088081, 0.03001947, 0.02274644],\n",
       "       [0.05643717, 0.03058105, 0.05706369, 0.0480032 , 0.04984739,\n",
       "        0.17616104, 0.05294392, 0.03818489, 0.04654216, 0.04485377,\n",
       "        0.05845152, 0.04464086, 0.04326099, 0.03525823, 0.05613634,\n",
       "        0.02014104, 0.05419171, 0.02205843, 0.02820855, 0.03378881,\n",
       "        0.02812554, 0.05471263, 0.04539881, 0.02069027, 0.0359666 ,\n",
       "        0.03536711, 0.0551463 , 0.02536075, 0.03049414, 0.0214055 ],\n",
       "       [0.06773672, 0.04227102, 0.05389358, 0.03824031, 0.04200056,\n",
       "        0.05294392, 0.15562947, 0.02608116, 0.04387001, 0.04614417,\n",
       "        0.06390754, 0.04616325, 0.04218791, 0.0486235 , 0.08197852,\n",
       "        0.02054664, 0.05705201, 0.02192565, 0.02598929, 0.02944756,\n",
       "        0.02576817, 0.0653266 , 0.0379254 , 0.02106029, 0.03223597,\n",
       "        0.03389934, 0.04143499, 0.02558756, 0.02971361, 0.03032107],\n",
       "       [0.02658969, 0.0210835 , 0.03776018, 0.03156428, 0.03045389,\n",
       "        0.03818489, 0.02608116, 0.06854143, 0.02768339, 0.06524327,\n",
       "        0.04229743, 0.02583018, 0.02980926, 0.02286361, 0.03126984,\n",
       "        0.0176586 , 0.03597839, 0.01893918, 0.01984011, 0.0240918 ,\n",
       "        0.01872522, 0.02797862, 0.02317747, 0.01566159, 0.02553024,\n",
       "        0.02512936, 0.03822929, 0.01946815, 0.02293085, 0.01597528],\n",
       "       [0.03943117, 0.03055311, 0.05079152, 0.03845375, 0.03298636,\n",
       "        0.04654216, 0.04387001, 0.02768339, 0.09923199, 0.05494977,\n",
       "        0.05449676, 0.03849791, 0.0349767 , 0.03073882, 0.04285218,\n",
       "        0.0233685 , 0.04639468, 0.02545497, 0.03286781, 0.02815971,\n",
       "        0.02428932, 0.04167126, 0.03367045, 0.02139166, 0.02764136,\n",
       "        0.03051631, 0.04305334, 0.02443145, 0.02800875, 0.02527866],\n",
       "       [0.04351162, 0.03066557, 0.07590239, 0.08445297, 0.07486864,\n",
       "        0.04485377, 0.04614417, 0.06524327, 0.05494977, 0.13756312,\n",
       "        0.07474679, 0.04584422, 0.05523138, 0.04834926, 0.05859906,\n",
       "        0.0238553 , 0.06969092, 0.03335865, 0.03303518, 0.05138727,\n",
       "        0.02267446, 0.03980485, 0.05083243, 0.02319006, 0.05122295,\n",
       "        0.03490725, 0.05222225, 0.02702087, 0.05233966, 0.02225551],\n",
       "       [0.05442252, 0.03701644, 0.08340467, 0.05369455, 0.05777101,\n",
       "        0.05845152, 0.06390754, 0.04229743, 0.05449676, 0.07474679,\n",
       "        0.13268555, 0.05333485, 0.05375633, 0.04262885, 0.06152545,\n",
       "        0.02187643, 0.09756374, 0.02115164, 0.02668382, 0.03968892,\n",
       "        0.0282767 , 0.05143944, 0.04087413, 0.01954203, 0.05132736,\n",
       "        0.03941686, 0.05725815, 0.03017165, 0.03421841, 0.02842609],\n",
       "       [0.04368586, 0.03410937, 0.04899289, 0.03660137, 0.03741213,\n",
       "        0.04464086, 0.04616325, 0.02583018, 0.03849791, 0.04584422,\n",
       "        0.05333485, 0.13222177, 0.03715384, 0.03047229, 0.04603689,\n",
       "        0.02431598, 0.04849276, 0.02576576, 0.02851941, 0.02953514,\n",
       "        0.02562775, 0.04378203, 0.03936383, 0.02326057, 0.03176879,\n",
       "        0.03366606, 0.03935431, 0.02342825, 0.0340684 , 0.04050018],\n",
       "       [0.03585958, 0.02638014, 0.04673732, 0.0384357 , 0.03637287,\n",
       "        0.04326099, 0.04218791, 0.02980926, 0.0349767 , 0.05523138,\n",
       "        0.05375633, 0.03715384, 0.08410598, 0.02800744, 0.04082277,\n",
       "        0.02121493, 0.04479639, 0.02261248, 0.02576661, 0.02994858,\n",
       "        0.0214384 , 0.03885477, 0.02866248, 0.02006217, 0.02922086,\n",
       "        0.02689364, 0.04101286, 0.02409799, 0.02563468, 0.02406682],\n",
       "       [0.04271054, 0.02603469, 0.03923285, 0.03022296, 0.02807336,\n",
       "        0.03525823, 0.0486235 , 0.02286361, 0.03073882, 0.04834926,\n",
       "        0.04262885, 0.03047229, 0.02800744, 0.06363848, 0.04728045,\n",
       "        0.01953061, 0.03833821, 0.01986981, 0.02373077, 0.02512789,\n",
       "        0.01978181, 0.03952081, 0.02484398, 0.01729631, 0.02293727,\n",
       "        0.02158252, 0.0312313 , 0.01998938, 0.02307488, 0.0202126 ],\n",
       "       [0.07611934, 0.0441098 , 0.0539936 , 0.04258603, 0.04331236,\n",
       "        0.05613634, 0.08197852, 0.03126984, 0.04285218, 0.05859906,\n",
       "        0.06152545, 0.04603689, 0.04082277, 0.04728045, 0.16027799,\n",
       "        0.02570493, 0.0511954 , 0.02543556, 0.02716642, 0.0346313 ,\n",
       "        0.02701521, 0.07253539, 0.03921471, 0.02355911, 0.03313538,\n",
       "        0.03246974, 0.04222399, 0.02535569, 0.03167302, 0.03319083],\n",
       "       [0.02262383, 0.02726551, 0.02945067, 0.02182131, 0.01868396,\n",
       "        0.02014104, 0.02054664, 0.0176586 , 0.0233685 , 0.0238553 ,\n",
       "        0.02187643, 0.02431598, 0.02121493, 0.01953061, 0.02570493,\n",
       "        0.05239981, 0.02389217, 0.02206182, 0.02250216, 0.02029653,\n",
       "        0.02619274, 0.02522752, 0.01958355, 0.02073739, 0.01784709,\n",
       "        0.02418464, 0.02227756, 0.01839992, 0.02200081, 0.02067245],\n",
       "       [0.04485917, 0.03430602, 0.07404629, 0.04478396, 0.04778348,\n",
       "        0.05419171, 0.05705201, 0.03597839, 0.04639468, 0.06969092,\n",
       "        0.09756374, 0.04849276, 0.04479639, 0.03833821, 0.0511954 ,\n",
       "        0.02389217, 0.12503462, 0.02673461, 0.02829126, 0.03548656,\n",
       "        0.02957448, 0.04707075, 0.03724698, 0.02379459, 0.04488561,\n",
       "        0.03703397, 0.05917115, 0.03068802, 0.03352598, 0.03013639],\n",
       "       [0.02444883, 0.02160137, 0.03280675, 0.02325343, 0.02049221,\n",
       "        0.02205843, 0.02192565, 0.01893918, 0.02545497, 0.03335865,\n",
       "        0.02115164, 0.02576576, 0.02261248, 0.01986981, 0.02543556,\n",
       "        0.02206182, 0.02673461, 0.05243876, 0.0247442 , 0.02137506,\n",
       "        0.02128461, 0.02668157, 0.02174825, 0.02302146, 0.01924072,\n",
       "        0.02229308, 0.02193503, 0.02154349, 0.02179302, 0.02247472],\n",
       "       [0.02687792, 0.02097611, 0.03541858, 0.02928421, 0.02383505,\n",
       "        0.02820855, 0.02598929, 0.01984011, 0.03286781, 0.03303518,\n",
       "        0.02668382, 0.02851941, 0.02576661, 0.02373077, 0.02716642,\n",
       "        0.02250216, 0.02829126, 0.0247442 , 0.08475507, 0.02256514,\n",
       "        0.02238799, 0.0254542 , 0.02338052, 0.02175913, 0.02087869,\n",
       "        0.0217489 , 0.02735447, 0.01762587, 0.02066299, 0.02135954],\n",
       "       [0.02988019, 0.02231734, 0.0381838 , 0.02978642, 0.03151459,\n",
       "        0.03378881, 0.02944756, 0.0240918 , 0.02815971, 0.05138727,\n",
       "        0.03968892, 0.02953514, 0.02994858, 0.02512789, 0.0346313 ,\n",
       "        0.02029653, 0.03548656, 0.02137506, 0.02256514, 0.05564854,\n",
       "        0.01988475, 0.02787644, 0.02650884, 0.01953108, 0.02461263,\n",
       "        0.02381446, 0.03179391, 0.01938681, 0.02354838, 0.02084887],\n",
       "       [0.02489609, 0.0312312 , 0.03187041, 0.02204611, 0.02031061,\n",
       "        0.02812554, 0.02576817, 0.01872522, 0.02428932, 0.02267446,\n",
       "        0.0282767 , 0.02562775, 0.0214384 , 0.01978181, 0.02701521,\n",
       "        0.02619274, 0.02957448, 0.02128461, 0.02238799, 0.01988475,\n",
       "        0.06159585, 0.02754152, 0.02081516, 0.0204638 , 0.02151492,\n",
       "        0.02747154, 0.02651919, 0.02022944, 0.02263202, 0.02133929],\n",
       "       [0.06170139, 0.04077704, 0.04829908, 0.03451482, 0.03712214,\n",
       "        0.05471263, 0.0653266 , 0.02797862, 0.04167126, 0.03980485,\n",
       "        0.05143944, 0.04378203, 0.03885477, 0.03952081, 0.07253539,\n",
       "        0.02522752, 0.04707075, 0.02668157, 0.0254542 , 0.02787644,\n",
       "        0.02754152, 0.11178225, 0.03567586, 0.02397591, 0.0293558 ,\n",
       "        0.03251328, 0.04219184, 0.02398578, 0.02789663, 0.03116867],\n",
       "       [0.03801721, 0.02708058, 0.0406696 , 0.03308981, 0.03285122,\n",
       "        0.04539881, 0.0379254 , 0.02317747, 0.03367045, 0.05083243,\n",
       "        0.04087413, 0.03936383, 0.02866248, 0.02484398, 0.03921471,\n",
       "        0.01958355, 0.03724698, 0.02174825, 0.02338052, 0.02650884,\n",
       "        0.02081516, 0.03567586, 0.11706657, 0.01822507, 0.02521742,\n",
       "        0.03015241, 0.04041843, 0.01944451, 0.02588195, 0.02604196],\n",
       "       [0.02172742, 0.0200946 , 0.0278572 , 0.01876103, 0.01739841,\n",
       "        0.02069027, 0.02106029, 0.01566159, 0.02139166, 0.02319006,\n",
       "        0.01954203, 0.02326057, 0.02006217, 0.01729631, 0.02355911,\n",
       "        0.02073739, 0.02379459, 0.02302146, 0.02175913, 0.01953108,\n",
       "        0.0204638 , 0.02397591, 0.01822507, 0.04549409, 0.01710155,\n",
       "        0.02064711, 0.02173723, 0.0197382 , 0.02105591, 0.02155683],\n",
       "       [0.02783814, 0.02615516, 0.04210611, 0.03079738, 0.03003373,\n",
       "        0.0359666 , 0.03223597, 0.02553024, 0.02764136, 0.05122295,\n",
       "        0.05132736, 0.03176879, 0.02922086, 0.02293727, 0.03313538,\n",
       "        0.01784709, 0.04488561, 0.01924072, 0.02087869, 0.02461263,\n",
       "        0.02151492, 0.0293558 , 0.02521742, 0.01710155, 0.07550842,\n",
       "        0.03193111, 0.03825783, 0.02109616, 0.02368104, 0.0210013 ],\n",
       "       [0.03256332, 0.03600567, 0.03891153, 0.03007742, 0.03079301,\n",
       "        0.03536711, 0.03389934, 0.02512936, 0.03051631, 0.03490725,\n",
       "        0.03941686, 0.03366606, 0.02689364, 0.02158252, 0.03246974,\n",
       "        0.02418464, 0.03703397, 0.02229308, 0.0217489 , 0.02381446,\n",
       "        0.02747154, 0.03251328, 0.03015241, 0.02064711, 0.03193111,\n",
       "        0.15628233, 0.03624375, 0.01654115, 0.02628899, 0.02307755],\n",
       "       [0.04397882, 0.02806944, 0.06417535, 0.04553009, 0.04337263,\n",
       "        0.0551463 , 0.04143499, 0.03822929, 0.04305334, 0.05222225,\n",
       "        0.05725815, 0.03935431, 0.04101286, 0.0312313 , 0.04222399,\n",
       "        0.02227756, 0.05917115, 0.02193503, 0.02735447, 0.03179391,\n",
       "        0.02651919, 0.04219184, 0.04041843, 0.02173723, 0.03825783,\n",
       "        0.03624375, 0.08530845, 0.02242108, 0.02884435, 0.02014345],\n",
       "       [0.02088372, 0.01863441, 0.02985387, 0.02014409, 0.02088081,\n",
       "        0.02536075, 0.02558756, 0.01946815, 0.02443145, 0.02702087,\n",
       "        0.03017165, 0.02342825, 0.02409799, 0.01998938, 0.02535569,\n",
       "        0.01839992, 0.03068802, 0.02154349, 0.01762587, 0.01938681,\n",
       "        0.02022944, 0.02398578, 0.01944451, 0.0197382 , 0.02109616,\n",
       "        0.01654115, 0.02242108, 0.05582696, 0.01923799, 0.02090075],\n",
       "       [0.02871019, 0.02763427, 0.03553989, 0.02991769, 0.03001947,\n",
       "        0.03049414, 0.02971361, 0.02293085, 0.02800875, 0.05233966,\n",
       "        0.03421841, 0.0340684 , 0.02563468, 0.02307488, 0.03167302,\n",
       "        0.02200081, 0.03352598, 0.02179302, 0.02066299, 0.02354838,\n",
       "        0.02263202, 0.02789663, 0.02588195, 0.02105591, 0.02368104,\n",
       "        0.02628899, 0.02884435, 0.01923799, 0.08701709, 0.02729186],\n",
       "       [0.03103894, 0.02638582, 0.03190876, 0.02261677, 0.02274644,\n",
       "        0.0214055 , 0.03032107, 0.01597528, 0.02527866, 0.02225551,\n",
       "        0.02842609, 0.04050018, 0.02406682, 0.0202126 , 0.03319083,\n",
       "        0.02067245, 0.03013639, 0.02247472, 0.02135954, 0.02084887,\n",
       "        0.02133929, 0.03116867, 0.02604196, 0.02155683, 0.0210013 ,\n",
       "        0.02307755, 0.02014345, 0.02090075, 0.02729186, 0.08575452]])"
      ]
     },
     "execution_count": 58,
     "metadata": {},
     "output_type": "execute_result"
    }
   ],
   "source": [
    "from pypfopt import risk_models\n",
    "from plotting import EfficientFrontier,plot_covariance,plot_efficient_frontier\n",
    "\n",
    "sample_cov = risk_models.sample_cov(prices, frequency=252)\n",
    "sample_cov.values"
   ]
  },
  {
   "cell_type": "code",
   "execution_count": 14,
   "metadata": {
    "colab": {
     "base_uri": "https://localhost:8080/",
     "height": 297
    },
    "id": "HZ15mDtz9ny_",
    "outputId": "5fe64424-4756-4289-e29e-39edc3eb83df"
   },
   "outputs": [
    {
     "data": {
