{
 "cells": [
  {
   "cell_type": "markdown",
   "metadata": {
    "id": "UL9EB0Mn9ny5"
   },
   "source": [
    "# Mean-variance optimization\n",
    "\n",
    "In this cookbook recipe, we work on several examples demonstrating PyPortfolioOpt's mean-variance capabilities. I will discuss what I think should be your \"default\" options, based on my experience in optimising portfolios.\n",
    "\n",
    "To start, you need a list of tickers. Some people just provide the whole universe of stocks, but I don't think this is a good idea - portfolio optimization is quite different from asset selection. I would suggest anywhere from 10-50 stocks as a starting point.\n",
    "\n",
    "Some of the things we cover:\n",
    "\n",
    "- Downloading data and getting it into PyPortfolioOpt\n",
    "- Calculating and visualising the covariance matrix\n",
    "- Optimising a long/short portfolio to minimise total variance\n",
    "- Optimising a portfolio to maximise the Sharpe ratio, subject to sector constraints\n",
    "- Optimising a portfolio to maximise return for a given risk, subject to sector constraints, with an L2 regularisation objective\n",
    "- Optimising a market-neutral portfolio to minimise risk for a given level of return\n",
    "- Optimising along the mean-semivariance frontier\n",
    "- Optimising along the mean-CVaR frontier\n",
    "- Plotting the efficient frontier:\n",
    "    - Simple (using CLA)\n",
    "    - Constrained\n",
    "    - Complex plots\n",
    "\n",
    "Please consult the [docs](https://pyportfolioopt.readthedocs.io/) for more info.\n",
    "\n",
    "## Downloading data\n",
    "\n",
    "To download data, we will use `yfinance`, an excellent library that provides free price data from Yahoo Finance, no API key needed.\n",
    "\n",
    "[![Open In Colab](https://colab.research.google.com/assets/colab-badge.svg)](https://colab.research.google.com/github/robertmartin8/PyPortfolioOpt/blob/master/cookbook/2-Mean-Variance-Optimisation.ipynb)\n",
    "    \n",
    "[![Kaggle](https://kaggle.com/static/images/open-in-kaggle.svg)](https://kaggle.com/kernels/welcome?src=https://github.com/robertmartin8/PyPortfolioOpt/blob/master/cookbook/2-Mean-Variance-Optimisation.ipynb)\n",
    "    \n",
    "[![Gradient](https://assets.paperspace.io/img/gradient-badge.svg)](https://console.paperspace.com/github/robertmartin8/PyPortfolioOpt/blob/master/cookbook/2-Mean-Variance-Optimisation.ipynb)\n",
    "    \n",
    "[![Open In SageMaker Studio Lab](https://studiolab.sagemaker.aws/studiolab.svg)](https://studiolab.sagemaker.aws/import/github/robertmartin8/PyPortfolioOpt/blob/master/cookbook/2-Mean-Variance-Optimisation.ipynb)"
   ]
  },
  {
   "cell_type": "code",
   "execution_count": 56,
   "metadata": {
    "colab": {
     "base_uri": "https://localhost:8080/"
    },
    "id": "69vaYVwZ-Cxz",
    "outputId": "dee1bf4a-82ee-4909-e26b-217899258cf2"
   },
   "outputs": [
    {
     "name": "stdout",
     "output_type": "stream",
     "text": [
      "Requirement already satisfied: pandas in /usr/local/lib/python3.7/dist-packages (1.3.5)\n",
      "Requirement already satisfied: numpy in /usr/local/lib/python3.7/dist-packages (1.19.5)\n",
      "Requirement already satisfied: matplotlib in /usr/local/lib/python3.7/dist-packages (3.2.2)\n",
      "Requirement already satisfied: yfinance in /usr/local/lib/python3.7/dist-packages (0.1.70)\n",
      "Requirement already satisfied: PyPortfolioOpt in /usr/local/lib/python3.7/dist-packages (1.5.1)\n",
      "Requirement already satisfied: pytz>=2017.3 in /usr/local/lib/python3.7/dist-packages (from pandas) (2018.9)\n",
      "Requirement already satisfied: python-dateutil>=2.7.3 in /usr/local/lib/python3.7/dist-packages (from pandas) (2.8.2)\n",
      "Requirement already satisfied: six>=1.5 in /usr/local/lib/python3.7/dist-packages (from python-dateutil>=2.7.3->pandas) (1.15.0)\n",
      "Requirement already satisfied: cycler>=0.10 in /usr/local/lib/python3.7/dist-packages (from matplotlib) (0.11.0)\n",
      "Requirement already satisfied: pyparsing!=2.0.4,!=2.1.2,!=2.1.6,>=2.0.1 in /usr/local/lib/python3.7/dist-packages (from matplotlib) (3.0.7)\n",
      "Requirement already satisfied: kiwisolver>=1.0.1 in /usr/local/lib/python3.7/dist-packages (from matplotlib) (1.3.2)\n",
      "Requirement already satisfied: multitasking>=0.0.7 in /usr/local/lib/python3.7/dist-packages (from yfinance) (0.0.10)\n",
      "Requirement already satisfied: requests>=2.26 in /usr/local/lib/python3.7/dist-packages (from yfinance) (2.27.1)\n",
      "Requirement already satisfied: lxml>=4.5.1 in /usr/local/lib/python3.7/dist-packages (from yfinance) (4.7.1)\n",
      "Requirement already satisfied: certifi>=2017.4.17 in /usr/local/lib/python3.7/dist-packages (from requests>=2.26->yfinance) (2021.10.8)\n",
      "Requirement already satisfied: idna<4,>=2.5 in /usr/local/lib/python3.7/dist-packages (from requests>=2.26->yfinance) (2.10)\n",
      "Requirement already satisfied: charset-normalizer~=2.0.0 in /usr/local/lib/python3.7/dist-packages (from requests>=2.26->yfinance) (2.0.11)\n",
      "Requirement already satisfied: urllib3<1.27,>=1.21.1 in /usr/local/lib/python3.7/dist-packages (from requests>=2.26->yfinance) (1.24.3)\n",
      "Requirement already satisfied: cvxpy<2.0.0,>=1.1.10 in /usr/local/lib/python3.7/dist-packages (from PyPortfolioOpt) (1.1.18)\n",
      "Requirement already satisfied: scipy<2.0,>=1.3 in /usr/local/lib/python3.7/dist-packages (from PyPortfolioOpt) (1.4.1)\n",
      "Requirement already satisfied: osqp>=0.4.1 in /usr/local/lib/python3.7/dist-packages (from cvxpy<2.0.0,>=1.1.10->PyPortfolioOpt) (0.6.2.post0)\n",
      "Requirement already satisfied: scs>=1.1.6 in /usr/local/lib/python3.7/dist-packages (from cvxpy<2.0.0,>=1.1.10->PyPortfolioOpt) (3.1.0)\n",
      "Requirement already satisfied: ecos>=2 in /usr/local/lib/python3.7/dist-packages (from cvxpy<2.0.0,>=1.1.10->PyPortfolioOpt) (2.0.10)\n",
      "Requirement already satisfied: qdldl in /usr/local/lib/python3.7/dist-packages (from osqp>=0.4.1->cvxpy<2.0.0,>=1.1.10->PyPortfolioOpt) (0.1.5.post0)\n"
     ]
    }
   ],
   "source": [
    "!pip install pandas numpy matplotlib yfinance PyPortfolioOpt\n",
    "import os\n",
    "if not os.path.isdir('data'):\n",
    "    os.system('git clone https://github.com/robertmartin8/PyPortfolioOpt.git')\n",
    "    os.chdir('PyPortfolioOpt/cookbook')"
   ]
  },
  {
   "cell_type": "code",
   "execution_count": 8,
   "metadata": {
    "id": "shuJGGeo9ny8"
   },
   "outputs": [],
   "source": [
    "import yfinance as yf\n",
    "import matplotlib.pyplot as plt\n",
    "import pandas as pd\n",
    "import numpy as np\n",
    "from plotting import EfficientFrontier,plot_covariance,plot_efficient_frontier\n"
   ]
  },
  {
   "cell_type": "code",
   "execution_count": 2,
   "metadata": {
    "id": "c4r8LJdC9ny8"
   },
   "outputs": [],
   "source": [
    "tickers = [\"MSFT\", \"AMZN\", \"KO\", \"MA\", \"COST\", \n",
    "           \"LUV\", \"XOM\", \"PFE\", \"JPM\", \"UNH\", \n",
    "           \"ACN\", \"DIS\", \"GILD\", \"F\", \"TSLA\"] "
   ]
  },
  {
   "cell_type": "code",
   "execution_count": 3,
   "metadata": {
    "colab": {
     "base_uri": "https://localhost:8080/"
    },
    "id": "XWdfXpB69ny9",
    "outputId": "e60980bf-21e3-470f-a4f7-99da82c820a4"
   },
   "outputs": [
    {
     "name": "stderr",
     "output_type": "stream",
     "text": [
      "[*********************100%%**********************]  15 of 15 completed\n"
     ]
    }
   ],
   "source": [
    "from finrl.config_tickers import DOW_30_TICKER,NAS_100_TICKER,HSI_50_TICKER,DAX_30_TICKER,SP_500_TICKER\n",
    "ohlc = yf.download(tickers, period=\"max\")"
   ]
  },
  {
   "cell_type": "code",
   "execution_count": 4,
   "metadata": {
    "colab": {
     "base_uri": "https://localhost:8080/",
     "height": 388
    },
    "id": "S7voZG_T9ny-",
    "outputId": "de26041a-af6d-4554-eb32-1eb9d57d5f3e"
   },
   "outputs": [
    {
     "data": {
      "text/html": [
       "<div>\n",
       "<style scoped>\n",
       "    .dataframe tbody tr th:only-of-type {\n",
       "        vertical-align: middle;\n",
       "    }\n",
       "\n",
       "    .dataframe tbody tr th {\n",
       "        vertical-align: top;\n",
       "    }\n",
       "\n",
       "    .dataframe thead th {\n",
       "        text-align: right;\n",
       "    }\n",
       "</style>\n",
       "<table border=\"1\" class=\"dataframe\">\n",
       "  <thead>\n",
       "    <tr style=\"text-align: right;\">\n",
       "      <th>Ticker</th>\n",
       "      <th>ACN</th>\n",
       "      <th>AMZN</th>\n",
       "      <th>COST</th>\n",
       "      <th>DIS</th>\n",
       "      <th>F</th>\n",
       "      <th>GILD</th>\n",
       "      <th>JPM</th>\n",
       "      <th>KO</th>\n",
       "      <th>LUV</th>\n",
       "      <th>MA</th>\n",
       "      <th>MSFT</th>\n",
       "      <th>PFE</th>\n",
       "      <th>TSLA</th>\n",
       "      <th>UNH</th>\n",
       "      <th>XOM</th>\n",
       "    </tr>\n",
       "    <tr>\n",
       "      <th>Date</th>\n",
       "      <th></th>\n",
       "      <th></th>\n",
       "      <th></th>\n",
       "      <th></th>\n",
       "      <th></th>\n",
       "      <th></th>\n",
       "      <th></th>\n",
       "      <th></th>\n",
       "      <th></th>\n",
       "      <th></th>\n",
       "      <th></th>\n",
       "      <th></th>\n",
       "      <th></th>\n",
       "      <th></th>\n",
       "      <th></th>\n",
       "    </tr>\n",
       "  </thead>\n",
       "  <tbody>\n",
       "    <tr>\n",
       "      <th>2024-11-04</th>\n",
       "      <td>343.899994</td>\n",
       "      <td>195.779999</td>\n",
       "      <td>886.070007</td>\n",
       "      <td>95.790001</td>\n",
       "      <td>10.221126</td>\n",
       "      <td>89.839996</td>\n",
       "      <td>219.779999</td>\n",
       "      <td>65.110001</td>\n",
       "      <td>29.910000</td>\n",
       "      <td>505.579987</td>\n",
       "      <td>408.459991</td>\n",
       "      <td>27.335411</td>\n",
       "      <td>242.839996</td>\n",
       "      <td>557.770020</td>\n",
       "      <td>118.610001</td>\n",
       "    </tr>\n",
       "    <tr>\n",
       "      <th>2024-11-05</th>\n",
       "      <td>345.489990</td>\n",
       "      <td>199.500000</td>\n",
       "      <td>890.169983</td>\n",
       "      <td>96.629997</td>\n",
       "      <td>10.457909</td>\n",
       "      <td>90.220001</td>\n",
       "      <td>221.490005</td>\n",
       "      <td>65.370003</td>\n",
       "      <td>30.629999</td>\n",
       "      <td>505.559998</td>\n",
       "      <td>411.459991</td>\n",
       "      <td>27.561893</td>\n",
       "      <td>251.440002</td>\n",
       "      <td>567.030029</td>\n",
       "      <td>118.959999</td>\n",
       "    </tr>\n",
       "    <tr>\n",
       "      <th>2024-11-06</th>\n",
       "      <td>356.130005</td>\n",
       "      <td>207.089996</td>\n",
       "      <td>899.250000</td>\n",
       "      <td>98.889999</td>\n",
       "      <td>11.039999</td>\n",
       "      <td>91.690002</td>\n",
       "      <td>247.059998</td>\n",
       "      <td>63.700001</td>\n",
       "      <td>31.389999</td>\n",
       "      <td>521.130005</td>\n",
       "      <td>420.179993</td>\n",
       "      <td>26.941530</td>\n",
       "      <td>288.529999</td>\n",
       "      <td>596.690002</td>\n",
       "      <td>121.000000</td>\n",
       "    </tr>\n",
       "    <tr>\n",
       "      <th>2024-11-07</th>\n",
       "      <td>360.709991</td>\n",
       "      <td>210.050003</td>\n",
       "      <td>913.929993</td>\n",
       "      <td>98.930000</td>\n",
       "      <td>10.960000</td>\n",
       "      <td>97.900002</td>\n",
       "      <td>236.380005</td>\n",
       "      <td>63.660000</td>\n",
       "      <td>31.260000</td>\n",
       "      <td>517.880005</td>\n",
       "      <td>425.429993</td>\n",
       "      <td>27.039999</td>\n",
       "      <td>296.910004</td>\n",
       "      <td>605.450012</td>\n",
       "      <td>121.150002</td>\n",
       "    </tr>\n",
       "    <tr>\n",
       "      <th>2024-11-08</th>\n",
       "      <td>355.529999</td>\n",
       "      <td>208.179993</td>\n",
       "      <td>943.799988</td>\n",
       "      <td>99.019997</td>\n",
       "      <td>10.970000</td>\n",
       "      <td>96.570000</td>\n",
       "      <td>236.979996</td>\n",
       "      <td>63.919998</td>\n",
       "      <td>31.780001</td>\n",
       "      <td>524.760010</td>\n",
       "      <td>422.540009</td>\n",
       "      <td>26.719999</td>\n",
       "      <td>321.220001</td>\n",
       "      <td>615.809998</td>\n",
       "      <td>121.110001</td>\n",
       "    </tr>\n",
       "  </tbody>\n",
       "</table>\n",
       "</div>"
      ],
      "text/plain": [
       "Ticker             ACN        AMZN        COST        DIS          F  \\\n",
       "Date                                                                   \n",
       "2024-11-04  343.899994  195.779999  886.070007  95.790001  10.221126   \n",
       "2024-11-05  345.489990  199.500000  890.169983  96.629997  10.457909   \n",
       "2024-11-06  356.130005  207.089996  899.250000  98.889999  11.039999   \n",
       "2024-11-07  360.709991  210.050003  913.929993  98.930000  10.960000   \n",
       "2024-11-08  355.529999  208.179993  943.799988  99.019997  10.970000   \n",
       "\n",
       "Ticker           GILD         JPM         KO        LUV          MA  \\\n",
       "Date                                                                  \n",
       "2024-11-04  89.839996  219.779999  65.110001  29.910000  505.579987   \n",
       "2024-11-05  90.220001  221.490005  65.370003  30.629999  505.559998   \n",
       "2024-11-06  91.690002  247.059998  63.700001  31.389999  521.130005   \n",
       "2024-11-07  97.900002  236.380005  63.660000  31.260000  517.880005   \n",
       "2024-11-08  96.570000  236.979996  63.919998  31.780001  524.760010   \n",
       "\n",
       "Ticker            MSFT        PFE        TSLA         UNH         XOM  \n",
       "Date                                                                   \n",
       "2024-11-04  408.459991  27.335411  242.839996  557.770020  118.610001  \n",
       "2024-11-05  411.459991  27.561893  251.440002  567.030029  118.959999  \n",
       "2024-11-06  420.179993  26.941530  288.529999  596.690002  121.000000  \n",
       "2024-11-07  425.429993  27.039999  296.910004  605.450012  121.150002  \n",
       "2024-11-08  422.540009  26.719999  321.220001  615.809998  121.110001  "
      ]
     },
     "execution_count": 4,
     "metadata": {},
     "output_type": "execute_result"
    }
   ],
   "source": [
    "prices = ohlc[\"Adj Close\"].dropna(how=\"all\")\n",
    "prices.tail()"
   ]
  },
  {
   "cell_type": "code",
   "execution_count": 6,
   "metadata": {
    "colab": {
     "base_uri": "https://localhost:8080/",
     "height": 563
    },
    "id": "-8Et4dlp9ny-",
    "outputId": "e35cbcf6-f837-4a84-9946-b7a31d4b6901"
   },
   "outputs": [],
   "source": [
    "prices[prices.index >= \"2008-01-01\"].plot(figsize=(15,10));"
   ]
  },
  {
   "cell_type": "markdown",
   "metadata": {
    "id": "v4vdGWLR9ny-"
   },
   "source": [
    "## Calculating the covariance matrix"
   ]
  },
  {
   "cell_type": "code",
   "execution_count": 7,
   "metadata": {
    "colab": {
     "base_uri": "https://localhost:8080/",
     "height": 35
    },
    "id": "dTFkI4ll9ny-",
    "outputId": "2a0c7a48-d357-4445-bdd1-44dbe901c17a"
   },
   "outputs": [
    {
     "data": {
      "text/plain": [
       "'1.5.5'"
      ]
     },
     "execution_count": 7,
     "metadata": {},
     "output_type": "execute_result"
    }
   ],
   "source": [
    "import pypfopt\n",
    "pypfopt.__version__"
   ]
  },
  {
   "cell_type": "code",
   "execution_count": 9,
   "metadata": {
    "colab": {
     "base_uri": "https://localhost:8080/",
     "height": 520
    },
    "id": "0hDN8ZJG9ny_",
    "outputId": "35244fed-56ac-4207-ee84-736e924b1210"
   },
   "outputs": [
    {
     "data": {
      "text/plain": [
       "array([[0.08817011, 0.04520688, 0.02739923, 0.0395264 , 0.04308625,\n",
       "        0.02768631, 0.04560538, 0.01954246, 0.03600002, 0.04363543,\n",
       "        0.04064291, 0.02462163, 0.04135582, 0.02859721, 0.02827181],\n",
       "       [0.04520688, 0.31418679, 0.04651416, 0.05417   , 0.05169375,\n",
       "        0.05432176, 0.06258864, 0.01903536, 0.04609283, 0.05359703,\n",
       "        0.07125976, 0.02941463, 0.06546648, 0.03215654, 0.02493927],\n",
       "       [0.02739923, 0.04651416, 0.0981829 , 0.03089208, 0.03108804,\n",
       "        0.02567302, 0.03705039, 0.02064183, 0.03018611, 0.03066069,\n",
       "        0.0365786 , 0.02422584, 0.02952278, 0.02633327, 0.01949424],\n",
       "       [0.0395264 , 0.05417   , 0.03089208, 0.09897468, 0.04094897,\n",
       "        0.03063212, 0.04605754, 0.02547357, 0.03944425, 0.04750984,\n",
       "        0.04180149, 0.02859771, 0.04240134, 0.03057806, 0.02537031],\n",
       "       [0.04308625, 0.05169375, 0.03108804, 0.04094897, 0.1280013 ,\n",
       "        0.02897072, 0.05390112, 0.02565053, 0.04677738, 0.05848464,\n",
       "        0.04078077, 0.02661887, 0.05879298, 0.0279665 , 0.02793042],\n",
       "       [0.02768631, 0.05432176, 0.02567302, 0.03063212, 0.02897072,\n",
       "        0.22177227, 0.04033156, 0.01629614, 0.02984079, 0.02967275,\n",
       "        0.03339985, 0.03145524, 0.02870331, 0.03240553, 0.02030735],\n",
       "       [0.04560538, 0.06258864, 0.03705039, 0.04605754, 0.05390112,\n",
       "        0.04033156, 0.12459299, 0.02675896, 0.04802069, 0.06373735,\n",
       "        0.04724137, 0.03168736, 0.0401454 , 0.03711484, 0.0325003 ],\n",
       "       [0.01954246, 0.01903536, 0.02064183, 0.02547357, 0.02565053,\n",
       "        0.01629614, 0.02675896, 0.05243744, 0.02211457, 0.02431902,\n",
       "        0.02667213, 0.02537206, 0.01617244, 0.02228864, 0.02014039],\n",
       "       [0.03600002, 0.04609283, 0.03018611, 0.03944425, 0.04677738,\n",
       "        0.02984079, 0.04802069, 0.02211457, 0.13779062, 0.04539792,\n",
       "        0.03560969, 0.02540589, 0.0422212 , 0.03115152, 0.02290816],\n",
       "       [0.04363543, 0.05359703, 0.03066069, 0.04750984, 0.05848464,\n",
       "        0.02967275, 0.06373735, 0.02431902, 0.04539792, 0.10897469,\n",
       "        0.04663855, 0.02940159, 0.04662225, 0.03885197, 0.03838157],\n",
       "       [0.04064291, 0.07125976, 0.0365786 , 0.04180149, 0.04078077,\n",
       "        0.03339985, 0.04724137, 0.02667213, 0.03560969, 0.04663855,\n",
       "        0.11171623, 0.0294649 , 0.0511287 , 0.03248204, 0.02748188],\n",
       "       [0.02462163, 0.02941463, 0.02422584, 0.02859771, 0.02661887,\n",
       "        0.03145524, 0.03168736, 0.02537206, 0.02540589, 0.02940159,\n",
       "        0.0294649 , 0.07526254, 0.01644978, 0.02738644, 0.02236643],\n",
       "       [0.04135582, 0.06546648, 0.02952278, 0.04240134, 0.05879298,\n",
       "        0.02870331, 0.0401454 , 0.01617244, 0.0422212 , 0.04662225,\n",
       "        0.0511287 , 0.01644978, 0.32823557, 0.02841766, 0.0259771 ],\n",
       "       [0.02859721, 0.03215654, 0.02633327, 0.03057806, 0.0279665 ,\n",
       "        0.03240553, 0.03711484, 0.02228864, 0.03115152, 0.03885197,\n",
       "        0.03248204, 0.02738644, 0.02841766, 0.15626745, 0.02168311],\n",
       "       [0.02827181, 0.02493927, 0.01949424, 0.02537031, 0.02793042,\n",
       "        0.02030735, 0.0325003 , 0.02014039, 0.02290816, 0.03838157,\n",
       "        0.02748188, 0.02236643, 0.0259771 , 0.02168311, 0.05267975]])"
      ]
     },
     "execution_count": 9,
     "metadata": {},
     "output_type": "execute_result"
    }
   ],
   "source": [
    "from pypfopt import risk_models\n",
    "from plotting import EfficientFrontier,plot_covariance,plot_efficient_frontier\n",
    "\n",
    "sample_cov = risk_models.sample_cov(prices, frequency=252)\n",
    "sample_cov.values"
   ]
  },
  {
   "cell_type": "code",
   "execution_count": 14,
   "metadata": {
    "colab": {
     "base_uri": "https://localhost:8080/",
     "height": 297
    },
    "id": "HZ15mDtz9ny_",
    "outputId": "5fe64424-4756-4289-e29e-39edc3eb83df"
   },
   "outputs": [
    {
     "data": {
